-7814475151431853079
-1229382745909775486
-501556935930687579
8352719700344175894
1507514093621770300
-6457238945980355344
-3706173524705490079
-5745900443950264175
-2244705621054285112
-3560642960425606428
3937037612991562905
8869741812578479334
3207957715807851945
-9028065581632644878
-7073257535751731398
4445497072317662966
-6538156994098275573
506644305512925503
-1387989405200176970
6711434828749903487
7901553270460620390
21695744733348995
3188347924178239615
8158621444566293919
-4525498236708178587
7692577965118626816
2148995269986210121
4932114161169888606
5524962065855252426
1821220502922804557
-6728009811134523557
-7129344445722247837
-5930734150633939159
1781423669409298724
8902289803116813102
-3220973917970551323
-8186727083317804499
-9205902233772405210
-2291149007429289339
6296934134308254483
5116636860745239020
-3113662710022877512
-525117836822703633
-1057262423654603379
-7898577430509277462
548342393018739001
-8990779980600662808
-2316647634161145325
5848173123667542650
8248455132725207982
-7731790781325071800
-7254690380232061068
400265022159539088
-6032986767131719556
5809661260038447346
-8878594811009852657
4722229345276606737
-1362945066241592037
9185579871895496649
-7568820456934964053
3970578806829872768
3936895682169384472
6074194357368403078
-694618618108402752
8397470646618469758
125198376316639244
-6845455470538688543
-2293725228204460885
-5321025830217874862
-859694881082496086
8030669581287441639
-115183418185362251
-662681581907349523
-1544308940651294129
-6381154400020623262
-2203231226702545136
4060084713456458949
3619795298995746166
6277346013337887043
-4389199467460456322
1180350962507981989
-575875465645744072
2950336403157493379
639928561966332351
-3440779233029881569
7567860787818080191
-977184004822681971
-4796781307426870478
-7101189943240930625
5611100522137144038
-4128480199150192846
6340933370839417617
795792319647302585
-8016332187537654973
980521365302299021
6939864728487183765
-402827995905874102
-3644348434050687188
3988613665485798659
-1596682773552594392
-5873447278420826004
-1610822082949706528
-1990228413514321832
-4936146996805878963
-5693751770351026553
-982420264637375169
2529723206957694940
-7477966542930126458
-6990953060774858484
-8004322445786421516
2801790381722915806
5882938429351253667
-5208621153510912859
-7566562860460595069
1591533437808268527
-8121987754407432496
-7140277397851806655
8645764907741084828
7068377270609863384
-7166543355676569738
5408092940481464032
-2038234174462354452
6188446998091006195
5319365976878344397
8112871040985191792
-5075317294522640043
1790957956582773401
-4818901878299927516
4443182854939988553
-898943995547018390
-5943897837835032745
-9066980535750467334
4428890067058612154
-3105528469050717975
4635476365689259222
-3746771526406234290
-4330341852022705936
531101134013621233
3841937709233234298
2096587885786302339
5606290786665206408
8473087106769280413
-6643012010635625791
6787483027159644318
-1278459210684132533
1108312531700267156
4636266883302766704
-6813157109845256509
-4587621989895532885
1892266297655261879
-706051599502424169
-4091108769082894533
-940372700697429691
1446582530569431779
1356375402166396371
4647797459274468186
8509392318854752320
-1093949501686768172
8397326829164510979
-7509770948074577241
7267227071929163754
-2857415136315392371
-865002191830641479
-1992102898832813602
-6742992474094229803
4207181409368789349
324784666860953354
-1410748918813328224
-6501721278275505053
-738736748879323737
-507408246625152529
7083380695539218085
-3726316241659420315
2678863704449095642
1227534593520036028
7957350112521802303
8635582310648849167
7539135670665412999
5777214481731507017
-6122698457267302889
-231242288171126359
-2657337539781932272
5005786537148931378
-5096231995409789194
-3311434486886771975
-2685842142689043063
-8550761619828185874
-8864070496933757831
-4036881015674027132
-110252555784200495
7069793190770754773
791011946505148796
-3404732603140032031
3145725509967630570
-7993642910187175996
-7738778900485384154
-2359343423274099612
-6939239498338235132
66118328256584946
-7694331046797306712
-2989406889271693898
5197416412117670398
9029627592139843366
-4237221453935700239
8312201272743467860
-5021417007146464551
513689285677620212
-6895873047981368162
5135401553313548774
-7303109341192512691
6275253297861346630
-1624484459642002310
6284838260909100733
8811492346458240727
-5115845844357593419
-6752693855975774669
828972249593510055
-4198336213383952500
-2334770869291619556
4224406829621939021
-7233951946494962387
-5817570697350914875
7809121539000947753
8100373467698023902
4953003665141816743
8546021802268251855
-7309532295641650872
8636576645043683254
-8135501097992110607
5611336290734488344
6004879697728154675
-8678012800202087987
7177805627668068730
4538004271227238801
5995070919868413599
-7622060643224711705
-8999159062426094294
-7819103369002965488
-5383337046864008345
-8058869835256782521
1133450669302488383
-1051197709929249831
-6981466140718298991
-1373885787084544598
-7840034943659084931
-2128879267171964752
7280166731716261431
-2312641340154342143
-635115470120810091
-645662553344672427
2583342605830651056
-2909616308204460053
-7419354262592772735
-2661089466969974457
-5371045934521434229
6743300220511188016
-8693215272500312098
209773799718654194
5380295688215195414
4883969935419288367
870991651998685700
-1401561988445436956
4103186504562204171
-7295632233983945827
-5496654830773787063
-8611289713107626792
-7934809566295200225
3380230675890601576
1611935562939460163
1123516388116981671
7340118739917666004
-2607372399168636604
6966462492895940780
-2351419029614132209
-1507805358299396377
-1767857086653174388
-264199024223965417
3425841384394168649
8779736267788617435
-4681478106124829956
-8756057657787360755
-8911358616831580687
3695237754452783841
4360902496452257623
-6900674297203202671
9145523591971250185
-1326532985013787419
-1743084283652568175
16775208788059808
-1588978227537762826
6626273476548536508
-5292592061417285042
5514730955104288465
-4596749788043646231
6937861258596018329
464290145233436017
8742640235343843992
4462737313694873376
-7735178237656602011
7845038451239515957
-9167083250516408071
-7030377871318575852
8693436397575871630
-823810532350615190
7702162831809657879
2378059853308470434
-5902851087952917752
-2895456161602989662
-408483029414029949
-2692771898321826760
4233038076197856032
6733914585356930088
4704196244594440914
5221185435838156662
-4745406650887170449
-8262385953638791786
8523661064760525336
-3982003190421964645
-1976692578878636777
6593827838550935574
5671569591337289272
-9111627018382302773
-5189615366041213432
-6918795426482553744
-6824850624863333962
1613413367970626056
8000784131552340092
5410840268847569163
-4180079238254372443
8272840969812546332
4095996088997040537
-2444672597227439352
1946386411805242978
173441930036313450
-4716033946504620279
6164392423056647169
-6606568737242539136
-2903797088898452786
1927916530174074387
1719366317964627432
5207805744039306097
6760128321027982406
3131948637375205105
7211903140560919386
4259361743484963862
1960639679721855192
-8762110532283289412
8256810260049594413
-6382579797421946577
-4412160330486494863
6593010678988246053
-4391928573257201178
3935756314032728258
5906203118417142852
1885482820235316163
-5374196886876801014
-8628923890001279684
-2744130856590426898
3251714937753750737
4597870568032850366
-2530933423680268168
2851841613187232268
-3227819378055390770
332268106596968804
9179460311318167149
-623823629538048021
-225405350868899139
-7510102671667852124
-3484687856906490091
-6261017675880766603
4178648279072043025
3032426096861179295
-3018537916420240384
4567853457555074310
-8422193791804711569
2186405113792872114
1362082341561271373
6392114121829288916
-6571987309673526903
6555039040676310317
6382473340607954645
6385774383002347766
-5638017304439267576
-6355737128430865736
8118219929166416274
6534152376081985590
1673057338128071823
1411338604655322556
5932700164589354268
-4559529473403390794
-5845983582170922171
2482870361452076753
6916895408200847769
8142021076242704806
4047840118578841324
-3899563681819881186
-8861184159841142145
-8311944297324769339
-4036002114400337568
-5772770696122130843
3205286312774232007
1478850503439937919
4779435781173186795
-4115480935525084739
-1611908552136953683
8508822294295626950
-3519097598453758311
-6969138645952425708
-7972151481477846257
6158618121519543535
388945242314550140
2419919310462297670
6845141030886820860
4990806641413957993
4610326372036721305
-6356910022462807483
-6281018062275325410
6833009207947878060
-3334373007152123804
-5738942891769055793
4822370742325640418
-8317302473878719387
3475995699582966798
9209640773609485209
-2037048518927514750
-3577775711648560892
-6195747196884857438
3297981335867907391
1972969065601792869
7655283793041721826
4232984149847254041
4275474800835587582
4531999087013199108
3935338179017143276
-3421164207979701217
6372193750801042621
3765790182521885235
-2521867102977899713
8067332814693841359
6397759577441042295
6484776929307328517
3861080568727462554
5180720560659535819
-2899220794933022754
4727541022751451769
2746333491711333562
7525813751779394665
-5526823879277233125
3652800971820126751
-1259788096732369924
7645962454069899602
-843642005792766344
1010412039168950792
-4250871320681882158
3773106055693769271
3684483515110334519
-7023058071093441504
-7396095797341339285
4971346478704318916
-1742423816585921498
2513322317995616315
7864800133137424656
6551518489777362373
-4478471536138959601
-6394168526269133073
-4380094048599970441
-8030782263971034601
-3799848001318234692
7769484114541303816
5237269952060976658
48529995430164750
4415271901650759233
6278007436592650792
3984172205978948600
-7060181133396170202
-2376478833953061205
1785777478196014760
-6810420043598644774
-678952614580293149
-1567346162205671532
-3814654599273546483
2634977521926203874
-4058226569857835830
3467647135000284827
4955972836962676729
4745986228184863585
-4288664789662596050
5987719907360028110
-6766093643729642551
8751451126165097877
6852372098203637232
-4990908213080563532
3212462548884293306
7518441092279618665
4986867344754819394
-2722770943075936189
-302168984229148271
-3096139543162319551
-3437361836363458423
-6634991095619700655
-4071413501787624298
-736371368187060110
-8630573968089981424
8807419940540125501
2006418596745126177
8046784195142962136
-8363462120175452303
3747505995032539121
-3107354936761976859
5904705445260371846
2231208967478847077
595579800922304306
-339836312500992951
3907584006473624798
970801223353908670
-7338761729199759360
-4853664193286567965
-6112903136825293859
5725924940593899765
7198249565640625164
7788251423723438468
7282436949444643481
5851506140021597686
-8294477454135734128
-8700042831470082979
-6738467242841392622
-3778811115646666629
-9171438062866323955
-5169475010062956571
7535534704843979489
7294761032425741651
-7936841306680213707
2721421255037572225
8496027631036194037
-5549211650872773997
3879647291905640971
-2003507129149273953
4704122384675107673
4911821257649502423
-5801299777955363753
8544270623545072133
-6606965678610751552
6110796302869108290
-5454274004515302370
9107531004106560886
-32732366532316508
2149076140259133364
4235272752584909260
-3498303265974747119
7439318466551269682
7590903058010814280
-1270757555983121662
3191268425518805804
604301772161129043
-4459165553956794461
-3093370908977425624
-6940706952758568084
1812353055800556782
5719980117429383712
3503825563266397654
-343509232057386873
7080391192050540705
-560234745543080339
-2821918331262440071
-8868221403598723749
4253880167749628086
-2181986309949093134
1855945583297834430
-5925406013871807926
-6305112205941371175
6112743481059619941
1357605294045731245
4079178910627115758
2235463723649606
8523503203111224238
-6135217774870077363
4399216993439895734
-4958639477642138856
6706670002935875858
-916457288115831960
-8758130079734727121
-1311809006861345994
-2966662068214466383
92977034636000190
3649001604089509411
-1966527116391007404
-2134106287392613137
-1988159875005879895
-3076627122896183856
4599330756166304212
170801744079608774
-5759816651440409708
5833572247300305875
-8147842620041317170
116080670691251732
-3490406142488777345
-4453302259626663633
-8668026133730323995
7849717177491059909
3978009866263652566
7088222204230621092
-9018308504668138460
7107138653166868153
3160843094940325170
6484488337207852124
5637027255106027413
235046192602816783
-7902103476027928522
3583042421402121271
8428073108875844761
5757446042676649178
9194248786906147768
-8559930112741328663
-5895898578031365017
-6276210432074414630
1271072188065023054
-2987365784280755836
2941904820677881639
9124631413182590014
-6476590202807043759
2020303985896104977
-8011639960899828742
5846686770396091825
-6967027029278766225
-5881022602131612528
7103992959033278819
8503674710162364776
-3078318902837882239
5149474786608258675
-262342874675625485
8108484226359486900
-4149249639390744615
-3722071343605794374
-8580937815167243037
6008870191650766327
853624452019203095
2893285964219077718
8641052957843404689
-1284916632366405244
3810536052016243926
-916596342128627053
-1769812178257732138
5109728363431705153
-3256244621570934872
-1370437685106088875
8699767310394318049
3266551913799637235
6282075200918436168
556406677282092749
-2305732186124375618
3830927314496586811
8633532639504450574
3714604077636010926
-1990219123344253024
-7115755030819952455
5104057601721685963
5703157662986037337
-4902825355648387464
-1443764109769407517
6835026265934928132
663957683638278538
2399722570977900547
-6839618162703203103
-7844634850278283150
701750672280677851
9076209106565902925
-4622656807339203637
-4476682115615455868
-4351437832948151083
5082554917391350343
-3066113240166037902
-6002411298062504300
3757246998573696467
-6270691287408558649
-2630073765553037316
2308829720511519129
362677730795248134
-8262403164783799327
-4984530395937404812
3084748557453985733
9164679043769942067
-8231879617109222122
-6765127259109628222
-6445244751746022394
-467053103262149436
5233341057579844696
-4426771505491090236
3563260732111699107
1287864207072610192
8623047398643760098
-3323239246811270748
1889472339363827011
6528911106068795664
7770252445702115333
1562270857481365009
2449094756911918822
5289615075035081027
-4007192894193478954
-4464780673871296201
1632268276254392227
-7743593805722022317
5677204235234104766
6520947344339843147
-2670626660671864225
-265328024648480213
2924466118857804736
4901952226795583862
-5304986085210346353
-1315740918202851868
-7644382218337752089
-1132989616988827732
-2758140616823170301
-1617790932778190358
-2565852696465037508
1496363558454693826
-3948292521022512553
4097456294541775025
-4585194837128690878
-4386992477938986698
7136670854435034036
-6119549217783975949
4143023758932791090
7797010468916715204
-5340063423458634318
4059888025551149624
-5000220355253078082
7470906374962102613
-1581014925280671173
2707603611185019754
817664007879954439
4319496809213982586
-6707262200900522003
-173936797009867929
5571636283973741486
8823596731508196018
186327005864657801
7900368257680911525
9190929854477607776
-5681126911335949028
-5291199127742357481
-991978746291557355
-3856867940868199586
1212884534334791799
9079046501437679235
6118573512181871633
8117265124964693602
911911073956512999
2180456173931494678
-1397975222689892245